0 : 541845, 391655, 904911, 225116, 478814, 871568, 4009, 224263, 87578, 882, 701919, 619829, 480497, 886222, 49874, 721706, 871066, 779712, 68299, 886630, 843384, 722642, 910119, 3752, 454263, 931632, 2176, 36267, 565814, 568573, 236647, 565419, 746931, 562167, 619660, 893601, 600499, 908244, 562594, 36538, 872728, 455537, 701258, 435345, 695756, 706771, 708177, 561813, 934876, 932085
1 : 833086, 250786, 239335, 543219, 14836, 522078, 974930, 826670, 480949, 541805, 122309, 987696, 766416, 538702, 980027, 71819, 731804, 560219, 974985, 833335, 133524, 517238, 976547, 517923, 183334, 980641, 266890, 202612, 948375, 20845, 832927, 987215, 271353, 192537, 208391, 849742, 248426, 833054, 586780, 420802, 941776, 987636, 880462, 942339, 400194, 249062, 880592, 706838, 413071, 413247
2 : 322818, 678139, 2707, 529249, 392607, 742644, 762362, 937126, 299398, 30990, 467531, 776491, 609782, 57338, 716686, 534822, 260648, 869379, 695462, 55587, 230295, 736302, 744548, 150588, 678042, 311367, 62269, 778799, 69035, 905339, 401804, 906773, 104247, 306132, 527380, 431595, 900097, 823095, 239766, 402106, 861530, 551743, 406324, 406273, 861882, 551661, 408855, 408462, 408764, 669835
3 : 81001, 191169, 956544, 900649, 886001, 545314, 839734, 852354, 443311, 852717, 191161, 941084, 546487, 393121, 857203, 889916, 190795, 190630, 191092, 190999, 967144, 190587, 191905, 190728, 546766, 885741, 914682, 546122, 899013, 546767, 919152, 907380, 993773, 722075, 443320, 855554, 190621, 191317, 190692, 832999, 831905, 207768, 546496, 123985, 546470, 889039, 191115, 48044, 125539, 970797
4 : 292963, 662906, 305983, 535022, 292169, 671857, 533494, 112076, 122623, 748799, 101436, 30116, 566738, 495828, 760097, 4719, 278801, 355111, 279095, 110691, 279274, 548521, 279356, 151654, 278744, 108257, 956898, 549359, 81533, 755045, 59308, 79424, 549505, 403978, 807785, 491554, 953387, 175407, 340288, 279082, 368246, 371420, 416604, 107281, 112586, 716433, 175336, 748193, 748397, 340871
5 : 463571, 391572, 947153, 670336, 726717, 426436, 404526, 668296, 281457, 172901, 836747, 25763, 275329, 196513, 167626, 207170, 884471, 426199, 489179, 939004, 893231, 221336, 974381, 220026, 895895, 627930, 47504, 462444, 187569, 425904, 690807, 884645, 883854, 884534, 1097, 538844, 947091, 998531, 974597, 682308, 515025, 947299, 669622, 943689, 27746, 896005, 460733, 220473, 67875, 187470
6 : 746690, 921139, 683474, 577159, 565415, 923329, 336470, 705074, 160375, 681834, 779317, 541872, 439684, 839672, 877113, 169794, 2456, 706839, 844665, 170274, 522384, 398827, 628383, 16210, 748118, 160422, 670049, 238549, 859484, 522296, 670041, 596912, 667973, 415400, 595438, 872343, 842282, 389891, 598221, 60092, 596714, 982409, 703786, 595673, 511412, 59540, 880346, 652078, 982379, 402219
7 : 800663, 866796, 38699, 870732, 619025, 262980, 175989, 768332, 53320, 375418, 388851, 826666, 890779, 344109, 558460, 476618, 258018, 807699, 124488, 50564, 995722, 695955, 55254, 376741, 259387, 280624, 997837, 570259, 994709, 37728, 235792, 258846, 479784, 325150, 255657, 51349, 108097, 5868, 543133, 112942, 5447, 762237, 762217, 476215, 207868, 107468, 569178, 807599, 618842, 906750
8 : 719738, 955531, 123484, 337461, 723928, 263889, 724380, 467684, 685550, 810070, 525135, 279800, 344536, 696795, 421656, 358288, 99720, 964785, 322999, 307306, 184534, 175802, 525034, 483442, 184809, 967581, 552019, 106704, 695560, 340986, 115622, 176492, 724022, 678764, 385044, 285272, 100898, 724084, 351923, 724587, 181435, 803977, 695175, 176970, 724549, 323464, 376277, 323160, 325865, 376328
9 : 883543, 159154, 746863, 732351, 612270, 324445, 291945, 253710, 549359, 669381, 175407, 610628, 182520, 956762, 244946, 671857, 278883, 466909, 535022, 748193, 278861, 548521, 610681, 514230, 151491, 261319, 279082, 748397, 514258, 495449, 172219, 322138, 271832, 193016, 660288, 292077, 236863, 581962, 279356, 153488, 866737, 803100, 358802, 716433, 807785, 821938, 181605, 181997, 177646, 178811
10 : 366974, 752817, 169528, 179253, 904681, 523802, 300398, 880356, 298169, 930391, 209723, 312110, 949727, 291302, 316441, 425926, 22110, 430058, 63826, 841174, 493081, 426123, 169992, 711949, 689997, 929720, 490546, 169289, 166533, 330988, 298307, 619270, 433270, 794096, 180396, 794244, 98601, 288718, 289370, 703494, 180642, 807092, 988918, 432201, 806980, 753170, 297239, 992617, 320547, 316210
11 : 923225, 852385, 151376, 673489, 143971, 825763, 315452, 469133, 168473, 762025, 141531, 625928, 770990, 69850, 130733, 964908, 390146, 237405, 826041, 390147, 799350, 910799, 609801, 753346, 810088, 313295, 806212, 237923, 852753, 684490, 469120, 257002, 814743, 4762, 806141, 969214, 730316, 99133, 469274, 923824, 923610, 910776, 609704, 609725, 824098, 689860, 672308, 824256, 762035, 4697
12 : 378008, 868704, 724917, 706804, 561467, 635998, 670137, 963040, 855040, 826569, 957511, 843137, 677878, 595638, 670437, 265794, 201516, 725111, 919423, 932968, 16439, 563093, 746930, 15266, 14819, 730999, 911255, 756088, 798973, 886629, 216184, 49919, 60576, 696683, 857201, 518898, 878854, 99745, 670225, 725107, 224306, 564042, 564079, 13183, 191546, 564008, 931688, 923810, 563997, 390776
13 : 918545, 991196, 957547, 15015, 863703, 376097, 513985, 170076, 265396, 201118, 974689, 867988, 942665, 248902, 276368, 197552, 942769, 542392, 864860, 21179, 13102, 904713, 832528, 274940, 196124, 133524, 678602, 170030, 594141, 543219, 81759, 481526, 932152, 652476, 513250, 582149, 542941, 844432, 906497, 997112, 990875, 861121, 522080, 868867, 988161, 565610, 795468, 596084, 134090, 522078
14 : 289330, 681654, 450297, 155663, 82652, 103181, 874905, 565207, 433093, 584652, 83049, 482972, 269277, 204999, 983167, 773223, 82815, 380938, 861015, 649785, 583570, 14341, 148622, 22144, 156120, 528271, 111651, 565920, 454795, 391711, 632501, 946275, 705421, 805801, 722217, 860352, 16124, 909930, 975701, 952928, 409300, 409216, 433429, 562875, 562464, 482225, 563664, 368880, 601274, 454220
15 : 111896, 23650, 327875, 293860, 659541, 81743, 533951, 50977, 795350, 57604, 501800, 961400, 780218, 683036, 779947, 237609, 682423, 779859, 724777, 254162, 840904, 465105, 508310, 823579, 515306, 800731, 961273, 961598, 504852, 465233, 483605, 806593, 113673, 254253, 237312, 129984, 93141, 963672, 329989, 93482, 234721, 502068, 806446, 43943, 106809, 332655, 918194, 969865, 409722, 970094
16 : 266474, 202196, 351792, 844703, 883108, 864066, 863583, 841932, 218249, 987336, 69606, 223703, 225161, 867806, 432058, 224186, 934854, 245048, 108265, 684893, 867801, 692899, 157702, 832431, 728773, 798929, 867765, 223877, 102595, 832092, 94646, 224188, 714583, 986823, 832118, 364369, 107170, 265606, 201328, 390404, 352400, 563318, 685252, 511690, 217222, 426178, 23370, 798456, 796217, 796844
17 : 419279, 538855, 316810, 869050, 224693, 620307, 870832, 191606, 956811, 839553, 720428, 629123, 862031, 931087, 736195, 381253, 393719, 868528, 247788, 718511, 595553, 519816, 209842, 411979, 628248, 874263, 223218, 573566, 628584, 487873, 579460, 521733, 268236, 203958, 225270, 394502, 108814, 227468, 111360, 601678, 481816, 862676, 862392, 865734, 579505, 803788, 724211, 117181, 882972, 394163
18 : 830851, 721699, 866648, 149847, 246931, 510375, 26202, 833722, 866802, 709366, 466937, 701435, 63947, 16543, 154080, 840385, 315732, 770400, 780732, 36593, 503491, 294478, 635793, 58892, 749036, 510779, 297307, 748713, 504339, 63762, 242188, 631977, 503525, 864195, 63379, 421525, 606924, 563489, 545483, 171298, 126762, 122907, 897908, 701657, 635668, 466326, 170737, 25262, 434884, 247250
19 : 929510, 901163, 867974, 902150, 223218, 594154, 803526, 885927, 395889, 840298, 394034, 363189, 543068, 217914, 664793, 878541, 876201, 954492, 45826, 879323, 70562, 664178, 905787, 249859, 153107, 206975, 396533, 842163, 391453, 14576, 885687, 19151, 962557, 563976, 12648, 514347, 395043, 840629, 885665, 224830, 629123, 226575, 905999, 868610, 921304, 394974, 258797, 272436, 193620, 222535
20 : 704584, 357486, 682630, 925843, 341223, 374273, 954796, 113885, 105722, 559021, 473167, 888901, 55132, 421453, 386628, 306186, 505422, 379032, 774710, 887759, 827227, 682558, 468112, 344579, 422112, 382669, 57580, 307708, 113419, 346559, 442761, 306578, 54836, 589531, 519210, 274553, 195737, 546573, 359780, 475757, 448233, 481713, 928637, 860624, 541161, 601801, 82246, 929092, 666481, 587404
21 : 312454, 365353, 337168, 366228, 190529, 278717, 114300, 94528, 570662, 261426, 525244, 710368, 501915, 151645, 99066, 523702, 554617, 321611, 554692, 104971, 497211, 190535, 290612, 94526, 161744, 187642, 787655, 293784, 104882, 498443, 30205, 261517, 776961, 365266, 59773, 306259, 337027, 497354, 559990, 554601, 566609, 337194, 234950, 214475, 214449, 30046, 105025, 440896, 4457, 4490
22 : 397040, 30035, 520724, 31091, 815293, 151455, 546068, 776721, 403270, 810913, 469121, 889099, 261528, 525733, 604010, 105818, 122082, 85443, 571817, 886310, 363397, 810003, 40262, 814838, 429041, 61496, 472860, 803987, 724529, 724538, 30171, 32170, 122002, 130949, 305045, 932260, 94976, 5408, 776801, 536469, 482791, 633279, 281276, 483146, 4784, 558357, 4957, 426465, 68360, 31629
23 : 369321, 99808, 281740, 790261, 711905, 330919, 210948, 337131, 309074, 333635, 599173, 571333, 584423, 491438, 250227, 351863, 248404, 872317, 294193, 350853, 189266, 875893, 294997, 177512, 350434, 965846, 931604, 585383, 607007, 90432, 343548, 352576, 91473, 902789, 447612, 957689, 437046, 364660, 350527, 122772, 290169, 176512, 219735, 526788, 452900, 931784, 452484, 363583, 686808, 364790
24 : 278798, 291979, 208379, 42549, 214360, 243182, 336770, 90128, 305381, 261703, 323663, 305330, 292201, 160073, 292520, 771957, 278998, 292192, 708731, 241796, 736496, 635607, 336989, 305019, 708719, 475114, 292222, 526223, 749719, 188787, 515459, 493981, 806386, 172451, 278674, 293693, 278815, 188768, 257992, 525082, 292781, 188771, 279275, 242430, 4623, 279489, 784790, 804007, 4554, 4630
25 : 720672, 449988, 397242, 684686, 214972, 717049, 726190, 735152, 31170, 497622, 529970, 717097, 559788, 87042, 268173, 203895, 465958, 120476, 279170, 985176, 421917, 724669, 921842, 70812, 16519, 326511, 70085, 69173, 249846, 252643, 248829, 717127, 364028, 474871, 385549, 279639, 28601, 467307, 530271, 422089, 465858, 814205, 292181, 514508, 514619, 381318, 814403, 292469, 87978, 719083
26 : 566528, 353367, 336660, 305119, 208379, 369459, 918783, 559733, 924153, 6827, 13776, 925006, 790153, 527457, 525274, 433174, 106152, 336645, 790870, 29483, 10487, 566510, 458835, 13710, 458536, 808825, 241053, 791127, 634527, 427215, 430486, 794330, 514648, 525650, 566480, 363510, 321507, 770595, 468178, 353320, 515955, 9899, 321539, 514206, 475114, 910741, 525190, 10021, 426756, 426883
27 : 417346, 802050, 753213, 822741, 991692, 571553, 232930, 158479, 913053, 421079, 743124, 297695, 176650, 365437, 637605, 106628, 780840, 742200, 211874, 800169, 572925, 5865, 828180, 717097, 110381, 174502, 955312, 559966, 925261, 560083, 903495, 364341, 717049, 802361, 140601, 814403, 58968, 353020, 296045, 366495, 176295, 717127, 176129, 291938, 363739, 278725, 955277, 5963, 955290, 291918
28 : 742247, 121953, 788119, 804067, 805629, 805254, 378708, 559842, 905133, 470884, 333573, 732989, 153962, 684418, 140542, 907104, 485281, 653177, 478039, 21772, 237960, 621908, 742315, 632125, 965124, 98185, 804076, 559733, 599914, 614982, 426089, 653519, 905032, 103826, 599088, 214306, 227825, 477926, 208287, 678307, 571604, 515173, 103965, 678649, 724824, 905060, 210568, 678265, 422521, 725057
29 : 615970, 715691, 768099, 442751, 994171, 885217, 924148, 685146, 822644, 911927, 763137, 885240, 768172, 787992, 56229, 930316, 908701, 823050, 537831, 885179, 568987, 437464, 768135, 768071, 5195, 770536, 540207, 640057, 632506, 979026, 906657, 686485, 763463, 983625, 475222, 391045, 5232, 763415, 442778, 786368, 715416, 638091, 678014, 640564, 792959, 793183, 556974, 555280, 555262, 5453
30 : 763423, 175211, 806530, 401003, 340557, 364268, 505300, 960914, 724754, 551695, 510127, 122240, 569579, 116973, 825758, 719163, 502151, 524808, 795510, 524882, 139826, 397646, 827790, 104846, 106032, 185088, 535195, 279302, 911628, 534585, 842429, 861021, 516922, 390014, 500063, 448616, 279053, 927813, 639196, 842322, 736536, 599948, 140175, 826344, 551649, 172473, 528396, 825845, 540700, 534527
31 : 631699, 989037, 436009, 899679, 900185, 721404, 370864, 989428, 787668, 168613, 900665, 473064, 473048, 71553, 225273, 746092, 151194, 93261, 440193, 573894, 307702, 548361, 151167, 475037, 376657, 549491, 633839, 497487, 324041, 256827, 887753, 114810, 955056, 594955, 4318, 324318, 549052, 101992, 953995, 603396, 749867, 401938, 703702, 401031, 401179, 4870, 5330, 4962, 4995, 5559
32 : 154808, 30634, 68614, 30252, 503138, 83332, 68438, 179057, 751111, 69218, 5407, 87369, 31497, 342814, 229563, 31528, 258811, 514619, 733307, 452361, 30326, 31912, 483609, 458750, 682536, 958499, 68503, 720672, 363497, 69608, 458313, 239262, 428737, 567930, 281121, 112458, 871446, 599126, 30920, 71999, 724669, 502522, 684695, 787559, 133114, 497454, 70085, 69173, 330332, 5300
33 : 87422, 191220, 959063, 757540, 673490, 71014, 445173, 781663, 221473, 637561, 69840, 324421, 615920, 802897, 675128, 746596, 427286, 789444, 995314, 763655, 211345, 779040, 437661, 770347, 992293, 617542, 757915, 238018, 568736, 60298, 100662, 474069, 100436, 39915, 673631, 648775, 646723, 893142, 893318, 237660, 646457, 100515, 39929, 615911, 676649, 996246, 994880, 676916, 994843, 995079
34 : 359420, 10487, 77775, 753345, 518561, 124832, 703322, 522141, 190187, 588070, 699646, 720753, 789023, 413105, 317042, 466643, 822600, 272506, 193690, 174611, 854005, 439789, 430472, 68341, 854149, 854040, 30621, 630175, 10746, 511429, 523314, 293048, 7058, 70158, 150585, 153767, 363724, 595750, 785934, 473396, 68317, 707409, 364021, 845487, 238380, 364563, 188171, 540894, 154168, 149480
35 : 641615, 697203, 521215, 61577, 517651, 927125, 225493, 771881, 15250, 408584, 621003, 920940, 935077, 214156, 394268, 680729, 386569, 753644, 226128, 940600, 59594, 868079, 729905, 87794, 5376, 368613, 238937, 942386, 792139, 76331, 238117, 13218, 69074, 296716, 920718, 680724, 59485, 58738, 240849, 15259, 15970, 393434, 641127, 791495, 76102, 392768, 845383, 6707, 5866, 5841
36 : 681364, 184270, 69075, 348492, 345977, 739897, 57038, 799787, 392767, 17441, 696944, 215707, 918222, 151908, 935239, 679852, 918781, 13178, 72696, 216888, 13918, 67073, 539737, 916065, 916809, 692721, 680663, 403107, 152327, 152616, 15251, 920941, 314250, 419897, 221371, 221457, 916056, 331976, 331196, 920719, 685009, 72336, 580180, 707838, 316027, 72420, 76101, 6708, 5867, 5842
37 : 422248, 867401, 563410, 369052, 76237, 991034, 354678, 749435, 490780, 807447, 549991, 686110, 183620, 874482, 83678, 127599, 477923, 641946, 328471, 706484, 771612, 710264, 641821, 99967, 857793, 63705, 479326, 565720, 124209, 317723, 641153, 419669, 723409, 924794, 39129, 118634, 333028, 144935, 991059, 189623, 190336, 441231, 4997, 745448, 925739, 107024, 33766, 808138, 35716, 5184
38 : 308126, 80770, 592104, 795495, 705929, 26987, 742168, 284202, 29597, 116200, 996037, 17925, 45987, 293478, 951092, 688198, 512106, 242348, 721405, 131795, 474656, 619768, 173984, 324615, 135445, 222799, 831863, 980683, 311211, 178098, 368979, 973798, 328306, 220975, 355875, 832127, 548399, 574628, 978863, 132200, 173565, 160369, 284610, 137232, 978240, 5341, 6187, 5177, 5500, 5023
39 : 55363, 458434, 761038, 892914, 254670, 777319, 979661, 601802, 406204, 518357, 155808, 742529, 157219, 69110, 972870, 726383, 552374, 602063, 304150, 265961, 201683, 988921, 763496, 132758, 862986, 826917, 280540, 84515, 988792, 83290, 685204, 458341, 113545, 895177, 85693, 110656, 149730, 619321, 82274, 503844, 23749, 458649, 689683, 869342, 587405, 415493, 690413, 750411, 477601, 720244
40 : 180877, 949328, 352902, 246714, 966937, 727929, 515246, 106343, 784414, 516964, 705641, 21556, 899672, 783939, 213595, 46150, 920292, 503266, 807956, 599204, 863434, 468120, 437120, 175045, 8409, 930719, 308355, 95067, 92701, 254667, 3206, 307564, 186591, 632609, 854607, 307089, 736242, 269018, 204740, 634783, 379937, 632378, 736313, 474658, 678598, 5163, 5214, 4867, 4773, 8307
41 : 667050, 374653, 4643, 542038, 823899, 519707, 820611, 217647, 904269, 753089, 683050, 897859, 352542, 405367, 980820, 574228, 322638, 670806, 162748, 673164, 42413, 352852, 374487, 870398, 673387, 50581, 673480, 896614, 775385, 292361, 778842, 822876, 673987, 825337, 543454, 865729, 825284, 480022, 778715, 707109, 779153, 877285, 924202, 832734, 807850, 304642, 543266, 995354, 950473, 672663
42 : 7135, 777061, 378661, 691381, 153877, 30903, 499982, 321983, 292678, 8105, 261924, 184784, 533398, 122518, 718592, 691243, 528658, 17516, 717763, 294086, 923161, 322192, 636509, 519535, 323026, 470188, 324012, 342458, 940534, 338968, 508667, 730157, 91711, 5224, 442262, 278728, 966941, 485882, 723289, 485446, 325817, 112971, 176619, 106646, 684403, 356305, 280744, 312344, 279441, 353533
43 : 501688, 950478, 112463, 107473, 836669, 612813, 309299, 353667, 14244, 711384, 613171, 294532, 214489, 436039, 335083, 723472, 121993, 341418, 122090, 122026, 711345, 692272, 401120, 294661, 695105, 929766, 694518, 803821, 550852, 581110, 121953, 474655, 20578, 723528, 903021, 13850, 342108, 307033, 189650, 16223, 178109, 113009, 700737, 903061, 695647, 323021, 698380, 698353, 5144, 6302
44 : 410068, 773125, 772314, 773772, 775113, 894565, 665033, 933029, 843983, 994228, 560712, 827078, 996267, 554459, 554037, 754360, 664225, 906810, 114624, 121875, 911423, 769994, 774093, 443110, 840236, 875872, 56788, 768396, 746398, 234283, 906296, 539997, 379466, 671921, 553735, 397015, 90790, 402180, 400851, 905952, 734963, 746174, 994393, 669498, 477668, 379564, 754136, 477919, 740214, 754244
45 : 228924, 344883, 342308, 910221, 736546, 311025, 905059, 780128, 151650, 308072, 320144, 954893, 811671, 413836, 174823, 785217, 179005, 811894, 957010, 433320, 175766, 453002, 411517, 905616, 82607, 358071, 820941, 905132, 220614, 176023, 812385, 344793, 314362, 812494, 351987, 290912, 327992, 103931, 37601, 37599, 827163, 482497, 826999, 21980, 780322, 339933, 175843, 103857, 341048, 339510
46 : 914759, 236649, 651644, 503278, 478635, 283435, 950093, 139704, 750166, 817686, 289677, 76921, 838247, 988533, 8218, 734481, 788681, 134243, 8997, 537153, 744870, 346543, 653680, 45269, 739335, 411566, 411595, 236009, 326954, 345081, 231547, 9669, 417192, 575120, 408718, 999229, 117156, 207277, 99866, 346534, 535790, 369606, 478548, 289779, 998162, 417152, 997994, 750523, 657906, 5880
47 : 766706, 885958, 852745, 47422, 919634, 432438, 700195, 705430, 210301, 93258, 47390, 594575, 253953, 482706, 806645, 138342, 437086, 708193, 922091, 729611, 747813, 888229, 593578, 931313, 701171, 858681, 124194, 327485, 88749, 864010, 388928, 483060, 925045, 926549, 125623, 388098, 392988, 598094, 17798, 124883, 129673, 5641, 389019, 138708, 866052, 395011, 112116, 575286, 88744, 676288
48 : 375922, 287354, 54225, 863888, 983386, 250461, 974296, 772101, 533809, 947064, 873339, 220894, 376001, 354030, 5772, 850851, 470981, 754052, 417082, 863877, 640657, 871696, 491955, 384260, 282953, 632830, 54222, 652649, 863419, 991578, 673390, 325013, 447069, 121976, 872563, 286090, 873171, 285344, 410324, 479500, 68544, 533961, 287220, 151506, 151236, 151333, 122253, 5750, 104988, 5213
49 : 708755, 53701, 739140, 521864, 336756, 608899, 390376, 736481, 16538, 306171, 558375, 30674, 51028, 632208, 79620, 691303, 30440, 50686, 823529, 639813, 716517, 108519, 389989, 719257, 723373, 699300, 420624, 700820, 292634, 534632, 823640, 953450, 373664, 336709, 48571, 426862, 559574, 961140, 30336, 451694, 296791, 79580, 5138, 789691, 79696, 168390, 789068, 79548, 189094, 5084
50 : 977037, 573496, 958648, 234908, 177369, 466700, 402766, 752847, 599680, 78406, 227212, 260306, 327211, 125796, 293303, 229294, 114434, 794441, 5110, 861794, 310416, 163440, 165711, 353396, 227502, 254878, 128833, 777955, 236987, 73934, 108330, 352116, 165799, 580075, 759788, 8060, 237178, 870692, 758255, 256827, 758834, 238731, 575049, 356987, 29422, 412388, 412765, 6627, 5012, 5653
51 : 907122, 874240, 54978, 872673, 479509, 687585, 89679, 907897, 766042, 250060, 582964, 403006, 938576, 399823, 11730, 10903, 782154, 781674, 920157, 830007, 383992, 744599, 55566, 957081, 397824, 636082, 945527, 442635, 914442, 981862, 774083, 562017, 85541, 919794, 986376, 6343, 164410, 84314, 402541, 770374, 405826, 56891, 898134, 86102, 774030, 863669, 571831, 571827, 6192, 6123
52 : 356701, 286143, 5673, 934337, 230345, 601599, 781390, 713982, 84010, 915493, 44394, 321785, 924156, 511660, 390009, 226027, 188705, 515030, 265074, 200796, 305954, 365006, 122872, 82912, 714059, 500929, 122642, 236677, 141067, 303901, 294174, 292941, 336943, 340182, 340296, 457133, 300557, 541492, 457767, 453455, 541539, 336721, 517274, 315815, 781199, 892861, 781593, 339633, 352562, 353210
53 : 263039, 516553, 459275, 37709, 448383, 509064, 467880, 413794, 915945, 771871, 310801, 344883, 496342, 637955, 780194, 68512, 888916, 887416, 344793, 116465, 68594, 242177, 583553, 806165, 79602, 103857, 780128, 323292, 263502, 82784, 233713, 308469, 102078, 101261, 175395, 433970, 179420, 357055, 242141, 367362, 862947, 101249, 459172, 745993, 745960, 323246, 8612, 339510, 233832, 351987
54 : 541413, 190782, 447062, 446232, 768461, 758902, 446326, 541379, 676271, 604948, 603718, 686920, 447409, 112527, 861712, 191068, 971125, 666855, 123205, 448032, 190762, 699019, 604318, 6158, 447470, 862270, 755597, 447486, 861771, 540231, 666774, 870153, 443095, 604995, 865171, 667418, 446688, 666944, 146500, 667019, 603713, 952895, 906435, 951184, 863411, 870851, 411892, 446585, 113250, 112794
55 : 901261, 674757, 37674, 314738, 38450, 747451, 977596, 38032, 537655, 743056, 747492, 5499, 6004, 754113, 39406, 378793, 605011, 280913, 238417, 141642, 980435, 593521, 736943, 39436, 229049, 753522, 38660, 39480, 750066, 5830, 39442, 379462, 254365, 38393, 754133, 779891, 683230, 737065, 212545, 38500, 427728, 583247, 38397, 39351, 38490, 683190, 39257, 38460, 235088, 228527
56 : 695973, 744752, 823540, 11738, 805039, 279486, 261443, 544114, 499357, 748306, 270365, 206087, 389803, 699421, 524947, 363522, 605061, 480475, 279049, 177666, 79638, 424310, 369637, 37090, 168143, 732965, 518988, 514182, 152552, 603409, 31920, 152096, 363623, 324833, 736291, 472375, 4903, 748000, 331837, 540901, 105292, 79528, 312604, 84208, 419768, 279393, 279070, 307829, 79553, 308262
57 : 753477, 239099, 208258, 432923, 254474, 208310, 308648, 221159, 41984, 515004, 389133, 223381, 782220, 29693, 5284, 561522, 254374, 214651, 214785, 746054, 685524, 16663, 273944, 195128, 579382, 545950, 483179, 214354, 607932, 214386, 686203, 541889, 389145, 541839, 917398, 208338, 595994, 562251, 389229, 863199, 469532, 562323, 916109, 225733, 214355, 469634, 966411, 5211, 556125, 966916
58 : 7024, 352335, 31643, 212191, 47561, 990735, 309138, 868268, 316639, 14869, 624885, 47553, 359231, 517464, 420107, 517634, 360957, 700689, 364587, 228555, 462469, 318991, 360588, 851781, 531090, 536549, 777700, 359667, 864378, 228708, 381262, 851812, 335100, 80130, 580508, 320913, 146598, 228077, 779004, 65966, 462136, 383164, 949157, 237441, 172684, 381601, 536562, 716064, 626572, 7237
59 : 447160, 666788, 375145, 446358, 620522, 6692, 446689, 446962, 676272, 446233, 217060, 447168, 569221, 768544, 217327, 375080, 447577, 447559, 952894, 447717, 672333, 837914, 830217, 447775, 217887, 447421, 871976, 910726, 768366, 755598, 373719, 768446, 768338, 673597, 657378, 673464, 6376, 7171, 6648, 768413, 830132, 673996, 830147, 672523, 768289, 672413, 768167, 6612, 6316, 6834
60 : 458158, 729920, 805550, 903691, 22391, 23982, 151348, 371380, 513243, 500668, 221867, 336728, 364064, 529299, 748821, 500246, 616084, 59773, 780082, 566609, 627816, 400319, 659104, 305553, 112208, 436896, 402994, 725057, 724824, 907633, 455319, 627994, 112217, 781584, 724747, 168629, 227375, 455217, 576151, 780092, 311418, 399367, 336785, 227388, 864283, 509171, 411641, 615794, 421775, 5278
61 : 635689, 356855, 442116, 935964, 780843, 593887, 287403, 238801, 358336, 781011, 791909, 349114, 238179, 46025, 364882, 46395, 228878, 263578, 271252, 192436, 689998, 307615, 271244, 192428, 268189, 203911, 46261, 655667, 845815, 244500, 331430, 689947, 593594, 418312, 112043, 660891, 426645, 271256, 192440, 46221, 781951, 816034, 848323, 103322, 566368, 47079, 101592, 8564, 777151, 8402
62 : 643171, 654282, 825019, 757864, 423107, 448975, 898341, 652460, 563584, 423933, 655435, 890490, 890113, 757948, 616263, 821773, 910997, 674575, 449203, 655001, 639193, 537838, 428591, 428745, 905853, 380659, 654582, 714965, 654976, 591545, 655704, 380350, 893191, 563394, 821712, 448955, 656087, 890693, 428667, 616027, 654280, 423938, 890256, 449099, 825006, 655178, 838480, 838648, 838412, 6560
63 : 536560, 536201, 988559, 480148, 490019, 973329, 516851, 614806, 72174, 754909, 413913, 480169, 437995, 473385, 307515, 754772, 339276, 140118, 415603, 828400, 754676, 186222, 582589, 6440, 453362, 940151, 276987, 198171, 889767, 54160, 535994, 151552, 574046, 518559, 453913, 413918, 930044, 353904, 151890, 536232, 512491, 989396, 682414, 590708, 694080, 439221, 7094, 5989, 6413, 6321
64 : 37808, 269179, 204901, 191270, 55683, 891546, 543998, 616527, 994248, 45284, 375986, 474320, 5440, 502781, 374204, 218073, 641249, 769997, 49136, 846637, 856372, 768530, 440946, 810017, 387016, 917953, 389623, 675345, 826915, 770217, 641218, 826585, 890029, 682797, 891088, 173002, 401296, 641803, 560584, 410989, 901459, 422008, 397755, 675309, 546683, 641183, 617044, 848657, 476004, 5635
65 : 212503, 475025, 51731, 93292, 301437, 44931, 976555, 479221, 433057, 478950, 813075, 495408, 211639, 983148, 109811, 537622, 58267, 396183, 974627, 475404, 461701, 304041, 256979, 457414, 56110, 157836, 50832, 139673, 863273, 303868, 447150, 944767, 258052, 58168, 870558, 228997, 251521, 725944, 250950, 861875, 157002, 569962, 781821, 576180, 869634, 52188, 606380, 782307, 6405, 992978
66 : 475437, 472352, 552772, 970835, 643394, 542174, 612136, 386754, 51841, 876631, 57115, 477646, 478315, 230142, 54553, 821585, 807550, 848716, 669398, 74154, 805921, 974770, 55410, 552589, 685523, 774849, 51560, 688542, 389087, 755173, 558026, 7159, 230466, 102476, 995472, 540216, 854558, 54581, 5242, 476878, 997979, 102274, 53298, 7758, 414228, 376423, 7346, 686362, 5669, 5390
67 : 107373, 52294, 419611, 6857, 479919, 188589, 405753, 93590, 767960, 441361, 477298, 124972, 51617, 243576, 51087, 465641, 54919, 51061, 46914, 899389, 160323, 479203, 693104, 476951, 520829, 888810, 137151, 763427, 754310, 993766, 641477, 571846, 888191, 705781, 46942, 538413, 640146, 479037, 476957, 612244, 520776, 38802, 994346, 538358, 543283, 335382, 48146, 213670, 38036, 37790
68 : 487390, 972834, 161340, 855200, 23243, 458077, 10966, 657975, 536348, 281763, 715206, 322621, 65473, 47256, 600819, 39707, 323930, 536443, 740003, 95358, 672034, 96764, 744975, 281459, 745349, 601141, 254415, 722077, 743433, 294450, 671904, 734895, 768117, 55223, 283495, 740000, 188818, 669445, 133694, 84205, 741851, 323185, 528107, 814152, 477883, 734709, 814150, 743583, 475045, 745206
69 : 19344, 931574, 114693, 131178, 135992, 519433, 748989, 573893, 468000, 467313, 215642, 526919, 778562, 184561, 45556, 149480, 418678, 162869, 517981, 498271, 699646, 175724, 3049, 796810, 307427, 5877, 314437, 748389, 744837, 376276, 382191, 727168, 161777, 171385, 373414, 131621, 858780, 364563, 785181, 827118, 465284, 239136, 634609, 322838, 458570, 778803, 231693, 229951, 511904, 956344
70 : 768134, 893149, 7486, 571614, 375198, 953127, 655468, 88026, 755856, 871112, 862743, 953089, 768171, 767868, 568026, 543096, 39339, 862092, 839323, 768090, 407977, 996257, 981353, 86748, 568134, 718993, 570883, 572160, 787935, 768031, 953091, 862388, 417477, 89419, 638187, 567938, 768076, 655785, 768100, 543444, 768033, 543487, 768142, 655162, 6804, 541740, 768112, 5912, 6430, 6124
71 : 411467, 762493, 782102, 57775, 475138, 640970, 493397, 540526, 921447, 78764, 616437, 92112, 824228, 480069, 56535, 913106, 188181, 788552, 398093, 540523, 307868, 698104, 771492, 503867, 82668, 418723, 802754, 403628, 700656, 788868, 479958, 503056, 700418, 126227, 980085, 475175, 796038, 541418, 494416, 807562, 496198, 217444, 887421, 5155, 399103, 795787, 795689, 754927, 5885, 5826
72 : 739320, 435407, 742311, 438646, 6609, 685837, 118536, 476181, 174187, 612577, 271543, 192727, 32620, 365060, 898552, 311658, 30766, 139670, 711409, 461696, 711790, 753861, 269857, 205579, 23285, 264945, 200667, 935570, 272308, 193492, 433657, 99093, 469341, 435928, 268558, 204280, 379088, 703272, 753746, 226993, 483587, 700028, 277568, 198752, 268892, 204614, 906834, 699496, 57922, 448667
73 : 459180, 156157, 879150, 630755, 106294, 278503, 199687, 479994, 475262, 385278, 275570, 196754, 167398, 232737, 121226, 414709, 218875, 881561, 691026, 410992, 132457, 75711, 492135, 345777, 381782, 489825, 598327, 275172, 196356, 894402, 869540, 986975, 873454, 233221, 381435, 934377, 747466, 553386, 119401, 184197, 256424, 88691, 574996, 986963, 573991, 86188, 470408, 405640, 190271, 6853
74 : 736733, 517519, 602419, 698856, 471421, 442826, 729983, 472467, 422129, 64405, 763242, 429433, 625854, 781966, 56067, 517176, 123845, 542563, 547224, 690462, 804114, 548288, 736348, 227188, 547189, 312599, 729981, 923208, 55987, 188779, 13271, 55821, 547237, 547350, 433078, 430402, 933093, 338867, 168854, 55897, 55790, 831381, 724824, 548275, 426817, 314481, 437048, 426975, 353104, 7364
75 : 563616, 179380, 762021, 87582, 119691, 667393, 397769, 526746, 322388, 237354, 797012, 124910, 873903, 790536, 276034, 197218, 107717, 404281, 368552, 188398, 226375, 234784, 455580, 936145, 429113, 456833, 461998, 276631, 197815, 222183, 823588, 107018, 953370, 924024, 917157, 923001, 734888, 543058, 112907, 812890, 456105, 335363, 952748, 481177, 7616, 823106, 106343, 937405, 874762, 6553
76 : 280766, 665365, 362691, 978819, 363026, 511749, 406709, 680220, 74020, 455034, 119841, 520852, 182647, 346497, 484828, 278429, 199613, 714570, 467642, 346182, 861035, 275932, 197116, 865359, 361914, 162731, 427145, 427201, 806733, 267349, 203071, 76369, 141997, 890601, 141798, 775001, 336450, 535056, 100947, 775424, 821033, 890258, 284144, 267648, 203370, 273005, 194189, 324333, 218377, 120210
77 : 924604, 441344, 630629, 721459, 504085, 632674, 578628, 793515, 466809, 306279, 134385, 728077, 927103, 45225, 509115, 481301, 316406, 633455, 172717, 785837, 110601, 949086, 633822, 170729, 364179, 888231, 582621, 788639, 860535, 482803, 171543, 30630, 62076, 108434, 751841, 926212, 61855, 804388, 787224, 63070, 87779, 468269, 171405, 32969, 30911, 907550, 988313, 581325, 322937, 908325
78 : 547359, 64101, 615280, 616708, 219745, 658312, 184601, 441565, 498693, 914124, 528270, 534886, 544334, 151297, 547324, 822668, 984645, 133741, 69895, 473826, 905546, 61297, 874000, 411896, 143040, 115764, 698943, 527682, 101028, 184341, 979096, 77375, 68818, 618428, 379430, 234634, 815878, 68687, 497288, 9208, 92163, 730884, 151237, 464949, 496766, 465039, 464954, 547884, 924921, 544739
79 : 824260, 132169, 536512, 886268, 534426, 673581, 674079, 862196, 672819, 824525, 963407, 763199, 396465, 873728, 191990, 901066, 538504, 141894, 132665, 833033, 446555, 864672, 874286, 447850, 673970, 865265, 873256, 227994, 971540, 468983, 865087, 579385, 113497, 136445, 7080, 374258, 445808, 862760, 7489, 673335, 674756, 118923, 411888, 8486, 673324, 5967, 8069, 138184, 919617, 6070
80 : 693571, 345923, 293607, 296696, 81795, 257772, 348842, 319934, 807512, 165357, 797455, 939686, 590020, 939326, 342722, 243468, 303382, 252867, 98032, 349682, 172173, 983464, 759718, 605641, 978324, 344404, 869732, 478826, 294471, 648799, 280948, 304552, 779610, 599858, 419716, 498233, 771495, 619931, 329676, 171970, 66816, 870629, 420058, 588905, 918058, 610680, 900930, 7188, 591140, 7451
81 : 913809, 77753, 393655, 224138, 11873, 680647, 603835, 907953, 992314, 956361, 830563, 176386, 171679, 182466, 831158, 629101, 840398, 896792, 914858, 896719, 131139, 902697, 663215, 779841, 787286, 510579, 896957, 181436, 298178, 366090, 13008, 712957, 805838, 805029, 454319, 839757, 390550, 438877, 421386, 830564, 11237, 365342, 834026, 888353, 603552, 800817, 223910, 986179, 840245, 833230
82 : 492305, 741123, 69433, 582639, 108459, 678964, 715699, 107781, 399761, 168414, 973380, 170007, 274357, 195541, 187155, 679187, 31535, 502964, 136432, 905245, 897471, 658615, 392804, 467074, 805577, 949842, 831578, 617555, 890348, 76590, 616249, 32961, 752356, 657074, 113256, 67450, 552017, 540641, 724893, 275418, 196602, 154577, 210676, 679265, 522375, 806288, 127248, 280953, 31395, 177759
83 : 228881, 540678, 699842, 351945, 496840, 353210, 990957, 350967, 505779, 905055, 427528, 112255, 112483, 22720, 157088, 212563, 350864, 112314, 989983, 132176, 355016, 391952, 188921, 341561, 230489, 414381, 281565, 429803, 283766, 601940, 512845, 573192, 490403, 284452, 953426, 241559, 298752, 497742, 54762, 295098, 905839, 566213, 6778, 40878, 74493, 414280, 847922, 714059, 6005, 296270
84 : 930787, 518505, 574939, 180709, 161776, 685792, 809544, 547164, 524660, 230198, 352418, 667942, 68687, 733434, 237419, 460416, 729920, 518433, 431313, 405774, 599227, 80610, 327011, 663226, 518500, 745982, 152053, 418588, 169689, 103826, 327556, 2467, 966990, 414841, 991374, 459759, 694093, 80632, 807936, 280264, 215822, 351328, 299339, 469776, 711937, 280838, 216176, 32475, 227733, 8894
85 : 8725, 811067, 495046, 54579, 656168, 52982, 837982, 896140, 885372, 783778, 554127, 794390, 478137, 864375, 802708, 414946, 802202, 676601, 617442, 688299, 837575, 495271, 414529, 644533, 494715, 850726, 793358, 478468, 8354, 192318, 218824, 384151, 688501, 379116, 774784, 476276, 387726, 421506, 766204, 538079, 480026, 409350, 208081, 479638, 479823, 479889, 797123, 802125, 419010, 754930
86 : 543126, 771146, 759897, 81539, 465932, 855820, 156898, 795313, 381877, 38774, 469908, 276625, 197809, 695632, 138743, 420247, 807854, 469859, 312212, 56780, 785536, 258387, 312394, 36806, 126237, 981664, 912460, 703186, 747899, 83495, 39017, 785275, 760649, 476815, 428316, 478027, 808036, 9151, 108005, 134680, 114829, 526166, 808513, 253067, 424719, 900912, 910669, 73061, 642062, 807714
87 : 286290, 57214, 81328, 475180, 556024, 641968, 602572, 6587, 824113, 46087, 310032, 126135, 521505, 441905, 238411, 908219, 911616, 695335, 228321, 308235, 63374, 428399, 51073, 39306, 795616, 156732, 38992, 319319, 484291, 8011, 387568, 893693, 39242, 5690, 856498, 119894, 50082, 38168, 34081, 441662, 820955, 642572, 417700, 521335, 282502, 643125, 39337, 297056, 526037, 7722
88 : 37971, 411756, 255717, 409821, 637320, 249653, 810860, 637468, 410425, 39130, 813449, 240831, 709371, 559170, 956888, 38508, 448216, 558895, 38556, 6326, 39500, 38511, 249324, 379381, 292790, 417228, 39135, 44080, 389235, 411594, 397589, 230886, 39488, 960293, 39191, 8103, 897035, 709057, 9224, 754572, 38240, 7065, 8899, 38386, 38522, 38545, 6901, 38464, 39462, 7098
89 : 57333, 906901, 543489, 440973, 812127, 44529, 324553, 40486, 410654, 11422, 678052, 808102, 39882, 753931, 41745, 707159, 207153, 306482, 250839, 707844, 679055, 847894, 558506, 389418, 779463, 825030, 442615, 402599, 475515, 537924, 814177, 870522, 213176, 191344, 236106, 859227, 213122, 476974, 825123, 857119, 825058, 521135, 386717, 187888, 825274, 823542, 7118, 811323, 754531, 7627
90 : 815390, 818478, 526570, 815329, 158034, 815412, 815281, 516673, 815375, 815291, 636833, 445488, 815297, 814713, 815506, 815448, 487433, 29953, 188274, 814836, 815312, 814664, 815352, 815404, 111924, 815380, 964730, 818650, 815305, 29960, 815283, 815287, 26513, 61112, 520730, 815373, 29974, 815262, 815333, 923125, 815524, 85193, 815425, 85967, 815326, 815480, 821939, 84465, 9417, 9258
91 : 218184, 779372, 910720, 85988, 46764, 900193, 538195, 89754, 46160, 981831, 91785, 57503, 909936, 778750, 424252, 436546, 537805, 93228, 464727, 120208, 914713, 985951, 170710, 604022, 798292, 963970, 56725, 87567, 689208, 257949, 92937, 974180, 779351, 421870, 385776, 960454, 803095, 474058, 109540, 421884, 910423, 783564, 407337, 876763, 802478, 187329, 707795, 57569, 648328, 439826
92 : 520017, 842798, 407604, 949077, 738694, 272178, 193362, 465852, 738486, 132739, 251424, 395227, 892453, 367422, 890209, 367522, 250636, 830240, 289347, 275368, 196552, 887238, 408964, 671698, 501537, 795002, 296168, 500032, 733167, 886884, 290641, 805419, 889940, 733031, 304418, 886757, 144181, 742445, 407483, 106024, 863588, 942656, 956233, 183768, 349404, 792323, 806838, 511325, 7797, 8356
93 : 308913, 57969, 491027, 411004, 523474, 826354, 873277, 363707, 603308, 658938, 60194, 894057, 634001, 98494, 882048, 440674, 307928, 493002, 253004, 281733, 407598, 527477, 545419, 432156, 812041, 274770, 195954, 545573, 615796, 441175, 181033, 884723, 436811, 948690, 742850, 905040, 526930, 733866, 44017, 274922, 196106, 963357, 826938, 311426, 742556, 742597, 742678, 338664, 437379, 991587
94 : 872387, 568090, 642796, 8099, 643569, 379263, 568065, 974249, 652189, 810955, 470197, 161760, 642754, 768229, 642696, 568116, 644503, 161767, 638835, 773451, 984327, 854807, 642416, 974583, 768354, 616910, 963363, 50227, 873298, 855776, 775801, 591980, 768080, 768288, 38139, 973942, 984016, 380955, 29315, 768179, 478217, 875276, 856493, 616609, 985312, 857588, 962974, 986478, 37970, 8419
95 : 34023, 27676, 866260, 686240, 849862, 750227, 349923, 144480, 240243, 405131, 166934, 427800, 914355, 223384, 790832, 765213, 490912, 313274, 781879, 295123, 726753, 147431, 119003, 587041, 945153, 30308, 917752, 648262, 815750, 223071, 750490, 22795, 160455, 28863, 849368, 588134, 927687, 650879, 84327, 296428, 312589, 625082, 332566, 785689, 916928, 298797, 332322, 691386, 664898, 849118
96 : 197675, 352042, 705349, 502862, 249904, 706856, 238768, 365817, 187557, 590372, 783187, 272587, 193771, 60563, 271512, 192696, 169470, 157710, 339705, 938268, 265257, 200979, 435117, 289024, 297306, 179836, 726537, 462594, 310778, 983347, 848519, 271793, 192977, 36819, 517586, 128112, 73429, 358009, 868142, 983966, 24937, 518456, 307804, 354583, 519686, 656723, 267400, 203122, 309650, 436416
97 : 706797, 87624, 75901, 520212, 100798, 656282, 815069, 479957, 784551, 892618, 316114, 935257, 904676, 174004, 72359, 52248, 478927, 888995, 985128, 386859, 696751, 800076, 83294, 797800, 85311, 553526, 562757, 948033, 978147, 322257, 494846, 514937, 552173, 143788, 53327, 414932, 419693, 384898, 694617, 770374, 266655, 202377, 397268, 260607, 381144, 57297, 84157, 84825, 807683, 8825
98 : 518579, 821877, 768073, 207721, 911227, 768012, 785754, 893427, 767916, 667475, 953020, 817945, 37899, 913270, 39086, 423856, 655481, 615191, 38711, 905694, 122927, 770380, 102895, 599452, 693505, 424121, 667388, 123266, 655584, 736499, 477272, 893351, 37775, 767889, 692804, 656945, 123062, 207733, 37734, 37752, 207803, 280557, 793629, 39076, 37993, 37844, 896881, 768297, 911693, 112511
99 : 947577, 778173, 552859, 693211, 311081, 369776, 128188, 867292, 694745, 991783, 872503, 693005, 637375, 940971, 635818, 104646, 237241, 234154, 237049, 855332, 991128, 972068, 699594, 130332, 904965, 795130, 423878, 865353, 424272, 473248, 174004, 183826, 341673, 87488, 873725, 473151, 85903, 127698, 753581, 64957, 305493, 369366, 155524, 753679, 637319, 368453, 8782, 753623, 440321, 8082
Execution time: 57510 milliseconds
